# Finite-size scaling data for spin glass
# System sizes: [8, 12, 16, 20]
# Format: L beta Q2 Q4 Binder error_Binder

# L = 8 (averaged over 6 disorder realizations)
8 0.30000000 221.7181536046 125720.4679153559 2.5574283913 0.5661524038
8 0.29907121 215.1415723611 119564.4036084028 2.5831714093 0.5532318304
8 0.29814815 208.4717627734 113312.1370377083 2.6072456585 0.5372145013
8 0.29723077 202.0910265625 107515.5485719792 2.6325535563 0.5345847085
8 0.29631902 196.0288732747 102033.6703200781 2.6552377985 0.5163704293
8 0.29541284 190.8686926736 97476.6508957986 2.6756616964 0.5079021692
8 0.29451220 185.5268928364 92798.1638999913 2.6960357146 0.4886489202
8 0.29361702 180.5412968576 88415.4373325347 2.7125327098 0.4684933221
8 0.29272727 175.8932748459 84463.2772928733 2.7300428206 0.4566342229
8 0.29184290 171.7707187413 80996.4508526736 2.7451603873 0.4452064661
8 0.29096386 167.5106771658 77428.0085977778 2.7593900952 0.4275334903
8 0.29009009 164.1022907118 74648.1996209201 2.7719797347 0.4202611255
8 0.28922156 160.6465138672 71833.2433966667 2.7834464151 0.4046643173
8 0.28835821 157.2219611133 69089.2852933073 2.7950158932 0.3936521614
8 0.28750000 154.0847471810 66615.3430076823 2.8057887413 0.3838986912
8 0.28664688 151.2700144097 64414.3449722743 2.8149902715 0.3742255895
8 0.28579882 148.2539132357 62066.8565497656 2.8238876845 0.3573430792
8 0.28495575 145.7325301150 60132.4921154080 2.8313671773 0.3526095016
8 0.28411765 143.3279847439 58307.6987802778 2.8383366983 0.3403337037
8 0.28328446 140.9412862305 56515.5210694010 2.8450589864 0.3259850310
8 0.28245614 138.8840276693 54979.2670330729 2.8503247267 0.3161801741
8 0.28163265 136.6664751259 53341.0505749826 2.8558643714 0.3024935628
8 0.28081395 134.9550594813 52100.3387227691 2.8606333991 0.2997572699
8 0.28000000 132.9721485699 50674.3693447483 2.8659392490 0.2920525697

# L = 12 (averaged over 6 disorder realizations)
12 0.30000000 605.0538591319 969812.7704986110 2.6491089996 0.9486917999
12 0.29907121 582.5334047938 907952.7532458940 2.6756024239 0.9495643960
12 0.29814815 560.8299253342 849689.6597903991 2.7014564766 0.9400920825
12 0.29723077 541.3035168598 798320.5367491059 2.7245551558 0.9386663498
12 0.29631902 522.6811574327 750040.7916236892 2.7454351851 0.9250340418
12 0.29541284 504.8684631207 705317.1297201389 2.7671196938 0.9127320981
12 0.29451220 487.4068379601 662270.4283016319 2.7877391097 0.8955738497
12 0.29361702 472.6942553212 626252.7084158160 2.8027797331 0.8840314944
12 0.29272727 458.1973867057 591892.8302923959 2.8192777478 0.8622283670
12 0.29184290 444.7798812804 560779.3659099132 2.8346650953 0.8505906673
12 0.29096386 431.2288808398 529759.9583510156 2.8488097737 0.8152978568
12 0.29009009 418.8143995161 501949.0177278038 2.8616492309 0.7974243209
12 0.28922156 408.3026459614 478719.0138188975 2.8715493773 0.7743079615
12 0.28835821 397.3837976888 455151.2830817969 2.8822752971 0.7457680117
12 0.28750000 387.8188272548 434785.0229068836 2.8907916926 0.7270905327
12 0.28664688 378.5449419727 415338.1002699739 2.8984571008 0.7005772168
12 0.28579882 369.4940433333 396725.6542133855 2.9058647857 0.6708411751
12 0.28495575 360.8919660113 379336.8815881598 2.9125315692 0.6401679951
12 0.28411765 353.2820454319 364284.6246490712 2.9187554509 0.6212678452
12 0.28328446 346.2561556510 350538.1058635938 2.9237499661 0.5961835560
12 0.28245614 339.1770714128 336798.9334790364 2.9276404271 0.5679221711
12 0.28163265 332.9563640039 325102.0737839323 2.9325477969 0.5519428125
12 0.28081395 326.8679496484 313602.3391576562 2.9351791635 0.5223166001
12 0.28000000 320.9982751324 302906.7766559983 2.9397039234 0.5035141936

# L = 16 (averaged over 6 disorder realizations)
16 0.30000000 2091.6773936111 9483233.8180297557 2.1675396634 0.8143499738
16 0.29907121 1917.5614687044 8244934.3141628904 2.2422736387 0.8230006573
16 0.29814815 1745.7178137543 7074271.5893415799 2.3213126692 0.8276291062
16 0.29723077 1599.3111378885 6136502.9647025429 2.3991368690 0.8351119489
16 0.29631902 1467.0097273655 5324470.6838632124 2.4740612836 0.8323081933
16 0.29541284 1341.6848235113 4586596.2411483163 2.5479417567 0.8053121714
16 0.29451220 1234.9300404622 3985635.3433424220 2.6134419076 0.7718807037
16 0.29361702 1141.8448175239 3484331.5835784809 2.6724236556 0.7338889032
16 0.29272727 1062.8840352799 3074324.2842051298 2.7213093119 0.6863181763
16 0.29184290 991.5408451280 2719841.1049408242 2.7664467485 0.6269412609
16 0.29096386 932.2202426389 2433452.1386726392 2.8001787184 0.5578481597
16 0.29009009 879.5212560438 2189010.7682570922 2.8297965860 0.5104320229
16 0.28922156 834.2758548589 1985615.1668153212 2.8528289444 0.4479848994
16 0.28835821 796.6839918186 1822002.1579326391 2.8706266045 0.4039003634
16 0.28750000 761.2450154557 1673469.2720812501 2.8878113465 0.3518112816
16 0.28664688 732.4641142188 1556296.8317727605 2.9008129744 0.3269953516
16 0.28579882 705.8685803038 1450011.2624300171 2.9102056098 0.2873918245
16 0.28495575 682.8432219661 1360999.9397068750 2.9188790552 0.2619603613
16 0.28411765 662.1531259397 1282958.5618146441 2.9261444546 0.2382801457
16 0.28328446 643.7762660612 1215279.8429756511 2.9322863005 0.2195546921
16 0.28245614 626.8445201541 1154301.0522901996 2.9376457579 0.2001522583
16 0.28163265 611.9481699544 1101858.1877995573 2.9423641639 0.1824479833
16 0.28081395 598.1506261350 1053945.1939061545 2.9457569052 0.1684777833
16 0.28000000 585.1892114345 1009977.7980490712 2.9493017277 0.1559813529

# L = 20 (averaged over 6 disorder realizations)
20 0.30000000 3920.3826158420 30764987.3671175353 2.0017038829 0.6956221664
20 0.29907121 3583.9953152995 26654709.0746634416 2.0751002375 0.7297581744
20 0.29814815 3279.9549557313 23091528.1541013606 2.1464309190 0.7493627443
20 0.29723077 2977.7120244683 19807567.5028705299 2.2339104272 0.7784448747
20 0.29631902 2715.1989402539 17068066.7144420072 2.3151600557 0.7893336550
20 0.29541284 2464.5070850890 14570258.4159215540 2.3988722046 0.7959114470
20 0.29451220 2253.8546894792 12589688.0725460947 2.4783528857 0.8006601053
20 0.29361702 2056.2947847960 10804996.4558607470 2.5553705224 0.7992340933
20 0.29272727 1887.9389909635 9355449.5692752618 2.6247548704 0.7943317983
20 0.29184290 1746.9343950825 8186731.6645180387 2.6826089209 0.7901287866
20 0.29096386 1618.2402676780 7168584.8931842009 2.7374577508 0.7904155178
20 0.29009009 1515.6183407791 6380384.8053422831 2.7775837831 0.7828166582
20 0.28922156 1425.1862629427 5716590.8848793758 2.8144520712 0.7729698300
20 0.28835821 1345.1823401432 5147817.3468127614 2.8448594480 0.7661344825
20 0.28750000 1279.4406639518 4697291.1959080463 2.8695063141 0.7436060317
20 0.28664688 1221.4752805599 4310539.5059955725 2.8890979419 0.7203179841
20 0.28579882 1168.7388305208 3970515.6694296356 2.9067786887 0.6937494704
20 0.28495575 1124.6631933919 3693666.3944010157 2.9202007187 0.6662015308
20 0.28411765 1084.1497053581 3446175.0814909637 2.9319652966 0.6370782555
20 0.28328446 1049.4385051432 3238992.0249808854 2.9410058531 0.6059426887
20 0.28245614 1014.1488098459 3033617.2149358937 2.9495611851 0.5611962988
20 0.28163265 984.4089445269 2865083.8787242020 2.9565568806 0.5331219917
20 0.28081395 958.9438757465 2723658.2529723612 2.9618716470 0.4975615667
20 0.28000000 933.1340982856 2582241.3644601214 2.9655736527 0.4574305378

